b900
---;m=1;m=2;m=3
1;0,25;0,166666666667;0,125
2;0,166666666667;0,111111111111;0,0833333333333
3;0,125;0,0833333333333;0,0625
4;0,1;0,0666666666667;0,05
5;0,0833333333333;0,0555555555556;0,0416666666667
6;0,142857142857;0,0952380952381;0,0714285714286
7;0,0625;0,0416666666667;0,03125
8;0,111111111111;0,0740740740741;0,0555555555556
9;0,05;0,0333333333333;0,025
10;0,0909090909091;0,0909090909091;0,0454545454545
11;0,0416666666667;0,0277777777778;0,0208333333333
12;0,115384615385;0,0769230769231;0,0576923076923
13;0,0714285714286;0,047619047619;0,0357142857143
14;0,1;0,0666666666667;0,05
15;0,03125;0,0208333333333;0,015625
16;0,117647058824;0,078431372549;0,0588235294118
17;0,0555555555556;0,037037037037;0,0277777777778
18;0,105263157895;0,0877192982456;0,0526315789474
19;0,025;0,0166666666667;0,0125
20;0,119047619048;0,0793650793651;0,0595238095238
21;0,0454545454545;0,030303030303;0,0227272727273
22;0,130434782609;0,101449275362;0,0652173913043
23;0,0208333333333;0,0138888888889;0,0104166666667
24;0,18;0,0933333333333;0,08
25;0,0576923076923;0,0384615384615;0,0288461538462
26;0,148148148148;0,0864197530864;0,0740740740741
27;0,0357142857143;0,0238095238095;0,0178571428571
28;0,120689655172;0,0919540229885;0,0689655172414
29;0,05;0,0333333333333;0,0333333333333
30;0,161290322581;0,0967741935484;0,0725806451613
31;0,015625;0,0104166666667;0,0078125
32;0,181818181818;0,111111111111;0,0833333333333
33;0,0588235294118;0,0392156862745;0,0294117647059
34;0,157142857143;0,114285714286;0,0785714285714
35;0,0277777777778;0,0185185185185;0,0138888888889
36;0,189189189189;0,117117117117;0,0945945945946
37;0,0526315789474;0,0614035087719;0,0460526315789
38;0,179487179487;0,0940170940171;0,0897435897436
39;0,0125;0,00833333333333;0,00625
40;0,158536585366;0,146341463415;0,103658536585
41;0,25;0,0873015873016;0,0416666666667
42;0,197674418605;0,162790697674;0,0813953488372
43;0,0227272727273;0,0151515151515;0,0113636363636
44;0,255555555556;0,140740740741;0,122222222222
45;0,141304347826;0,0724637681159;0,070652173913
46;0,244680851064;0,205673758865;0,106382978723
47;0,0104166666667;0,00694444444444;0,00520833333333
48;0,336734693878;0,156462585034;0,132653061224
49;0,1;0,06;0,065
50;0,313725490196;0,143790849673;0,68137254902
51;0,0288461538462;0,0192307692308;0,0144230769231
52;0,235849056604;0,25786163522;0,169811320755
53;0,0833333333333;0,0864197530864;0,398148148148
54;0,245454545455;0,272727272727;0,145454545455
55;0,0178571428571;0,0119047619048;0,00892857142857
56;0,280701754386;0,239766081871;0,144736842105
57;0,112068965517;0,218390804598;0,116379310345
58;0,381355932203;0,209039548023;0,487288135593
59;0,0333333333333;0,0277777777778;0,0166666666667
60;1,22950819672;0,584699453552;0,684426229508
61;0,16935483871;0,102150537634;0,217741935484
62;1,2619047619;0,809523809524;0,178571428571
63;0,015625;0,0104166666667;0,0078125
64;1,33846153846;0,825641025641;0,138461538462
65;0,977272727273;0,782828282828;0,583333333333
66;1,18656716418;0,830845771144;0,634328358209
67;0,0588235294118;0,0245098039216;0,0367647058824
68;1,13768115942;0,864734299517;0,644927536232
69;1,04285714286;0,114285714286;0,221428571429
70;1,10563380282;0,840375586854;0,267605633803
71;0,0138888888889;0,00925925925926;0,00694444444444
72;0,308219178082;0,96803652968;0,178082191781
73;1,2972972973;0,346846846847;0,0844594594595
74;0,286666666667;0,306666666667;0,753333333333
75;0,0460526315789;0,114035087719;0,0625
76;0,668831168831;0,415584415584;0,409090909091
77;1,19871794872;0,149572649573;0,346153846154
78;1,30379746835;0,860759493671;0,731012658228
79;0,0125;0,00833333333333;0,00625
80;1,35185185185;0,925925925926;0,287037037037
81;1,46951219512;0,817073170732;0,131097560976
82;1,28313253012;0,44578313253;0,340361445783
83;0,113095238095;0,119047619048;0,0654761904762
84;0,811764705882;0,345098039216;0,647058823529
85;1,57558139535;0,248062015504;0,627906976744
86;0,465517241379;0,60153256705;0,741379310345
b200
---;m=1;m=2;m=3
1;0,25;0,166666666667;0,125
2;0,333333333333;0,222222222222;0,166666666667
3;0,125;0,0833333333333;0,0625
4;0,3;0,2;0,15
5;0,166666666667;0,111111111111;0,0833333333333
6;0,285714285714;0,190476190476;0,142857142857
7;0,0625;0,0416666666667;0,03125
8;0,277777777778;0,222222222222;0,138888888889
9;0,1;0,1;0,05
10;0,409090909091;0,242424242424;0,136363636364
11;0,0833333333333;0,0555555555556;0,0416666666667
12;0,423076923077;0,307692307692;0,153846153846
13;0,142857142857;0,0952380952381;0,0714285714286
14;0,633333333333;0,333333333333;0,316666666667
15;0,03125;0,0208333333333;0,015625
16;0,647058823529;0,372549019608;0,25
17;0,194444444444;0,0925925925926;0,0694444444444
18;0,526315789474;0,333333333333;0,197368421053
19;0,05;0,0333333333333;0,025
20;0,428571428571;0,428571428571;0,345238095238
21;0,159090909091;0,151515151515;0,0681818181818
22;0,565217391304;0,463768115942;0,315217391304
23;0,0416666666667;0,0277777777778;0,0208333333333
24;0,66;0,413333333333;0,42
25;0,192307692308;0,115384615385;0,0961538461538
26;0,611111111111;0,407407407407;0,305555555556
27;0,0714285714286;0,047619047619;0,0357142857143
28;0,620689655172;0,413793103448;0,344827586207
29;0,2;0,133333333333;0,0916666666667
30;0,967741935484;0,408602150538;0,306451612903
31;0,03125;0,0208333333333;0,015625
32;0,681818181818;0,59595959596;0,545454545455
33;0,279411764706;0,21568627451;0,0882352941176
34;0,6;0,428571428571;0,3
35;0,0833333333333;0,0740740740741;0,0486111111111
36;0,851351351351;0,459459459459;0,581081081081
37;0,236842105263;0,228070175439;0,144736842105
38;1,10256410256;0,538461538462;0,416666666667
39;0,025;0,0166666666667;0,01875
40;1,01219512195;0,739837398374;0,518292682927
41;0,297619047619;0,253968253968;0,125
42;2,79069767442;2,19379844961;1,89534883721
43;0,170454545455;0,136363636364;0,0568181818182
44;2,77777777778;2,18518518519;1,88888888889
45;0,260869565217;0,159420289855;0,130434782609
46;2,76595744681;2,17730496454;1,8829787234
47;0,03125;0,0208333333333;0,0208333333333
48;2,75510204082;2,17006802721;1,87755102041
49;0,27;0,64;0,15
50;2,74509803922;2,16339869281;1,87254901961
51;0,192307692308;0,108974358974;0,0865384615385
52;2,7358490566;2,1572327044;1,8679245283
53;0,314814814815;0,617283950617;0,449074074074
54;2,72727272727;2,15151515152;1,86363636364
55;0,0803571428571;0,0297619047619;0,03125
56;2,71929824561;2,14619883041;1,85964912281
57;1,09482758621;0,775862068966;0,297413793103
58;2,71186440678;2,14124293785;1,85593220339
59;1,15;0,672222222222;0,120833333333
60;2,70491803279;2,13661202186;1,85245901639
61;1,4435483871;0,806451612903;0,177419354839
62;2,69841269841;2,13227513228;1,84920634921
63;0,078125;0,0833333333333;0,0859375
64;2,69230769231;2,12820512821;1,84615384615
65;1,08333333333;0,818181818182;0,594696969697
66;2,68656716418;2,12437810945;1,84328358209
67;1,25735294118;0,877450980392;0,227941176471
68;2,68115942029;2,12077294686;1,84057971014
69;1,41428571429;0,8;0,585714285714
70;2,67605633803;2,11737089202;1,83802816901
71;0,0763888888889;0,0740740740741;0,0798611111111
72;2,67123287671;2,11415525114;1,83561643836
73;1,17567567568;1,10810810811;0,712837837838
74;2,66666666667;2,11111111111;1,83333333333
75;1,20394736842;0,934210526316;0,131578947368
76;2,66233766234;2,10822510823;1,83116883117
77;1,1858974359;0,931623931624;0,708333333333
78;2,6582278481;2,10548523207;1,82911392405
79;1,13125;0,8125;0,634375
80;2,65432098765;2,10288065844;1,82716049383
81;1,4756097561;0,808943089431;0,67987804878
82;2,65060240964;2,10040160643;1,82530120482
83;1,2380952381;0,90873015873;0,83630952381
84;2,64705882353;2,09803921569;1,82352941176
85;1,38372093023;1,04263565891;0,799418604651
86;2,64367816092;2,09578544061;1,82183908046
